0 40 30
1 80 62
2 121 85
3 146 99
4 181 124
5 185 133
6 215 153
7 247 207
8 268 236
9 268 236
10 255 221
11 288 214
12 305 240
13 316 279
14 351 291
15 372 320
16 331 275
17 331 275
18 351 291
19 356 306
20 374 359
21 407 368
22 378 331
23 384 349
24 388 363
25 391 313
26 387 322
27 385 387
28 408 378
29 411 405
30 417 429
31 432 337
32 468 412
33 468 412
34 468 412
35 479 430
36 479 430
37 468 412
38 478 432
39 473 419
40 490 425
41 490 425
42 473 442
43 487 411
44 487 448
45 485 426
46 487 452
47 485 444
48 485 442
49 478 459
50 487 439
51 479 462
52 479 462
53 486 409
54 477 431
55 478 420
56 480 391
57 494 413
58 490 460
59 491 458
60 487 454
61 485 430
62 485 418
63 490 433
64 512 422
65 494 458
66 488 455
67 510 427
68 510 427
69 476 445
70 476 445
71 503 455
72 479 407
73 470 419
74 482 425
75 485 451
76 484 382
77 506 453
78 506 453
79 506 453
80 501 430
81 500 435
82 486 401
83 469 423
84 491 456
85 480 424
86 485 398
87 475 431
88 496 434
89 476 409
90 501 420
91 499 436
92 483 457
93 483 455
94 500 423
95 497 442
96 497 432
97 507 434
98 497 454
99 470 407
e
