0 37 27
1 73 53
2 82 52
3 119 79
4 119 79
5 116 76
6 135 88
7 184 124
8 184 124
9 184 124
10 184 124
11 184 124
12 218 174
13 207 137
14 210 150
15 220 168
16 222 165
17 220 168
18 233 159
19 234 201
20 210 193
21 224 179
22 224 179
23 224 179
24 279 201
25 279 201
26 279 201
27 262 197
28 258 192
29 262 197
30 265 199
31 268 189
32 271 189
33 283 226
34 288 211
35 315 253
36 291 239
37 306 239
38 309 234
39 315 243
40 301 252
41 301 252
42 320 244
43 320 244
44 341 255
45 292 216
46 298 302
47 309 230
48 319 248
49 319 248
50 338 279
51 338 279
52 338 273
53 338 279
54 357 299
55 357 299
56 357 299
57 357 299
58 357 299
59 359 331
60 342 326
61 342 326
62 363 328
63 342 326
64 371 365
65 371 365
66 362 401
67 335 340
68 344 304
69 362 339
70 362 339
71 362 339
72 355 397
73 355 397
74 355 397
75 357 340
76 349 411
77 349 411
78 355 388
79 375 440
80 375 440
81 389 381
82 384 411
83 381 364
84 378 388
85 403 421
86 398 393
87 403 421
88 398 393
89 399 389
90 408 434
91 418 448
92 426 398
93 426 398
94 408 407
95 426 398
96 389 366
97 389 366
98 399 389
99 422 389
100 410 402
101 399 389
102 399 389
103 399 389
104 399 389
105 406 419
106 406 419
107 399 393
108 399 389
109 413 437
110 399 393
111 399 393
112 399 393
113 401 413
114 401 413
115 404 439
116 406 419
117 406 419
118 406 419
119 399 389
120 399 376
121 391 392
122 389 366
123 385 405
124 385 405
125 389 396
126 378 395
127 381 438
128 383 458
129 403 380
130 377 405
131 388 426
132 402 394
133 379 376
134 381 387
135 402 394
136 402 394
137 402 394
138 402 394
139 414 385
140 402 394
141 402 394
142 402 394
143 402 394
144 357 444
145 392 399
146 392 399
147 384 446
148 384 446
149 364 394
150 367 395
151 367 395
152 393 416
153 399 411
154 399 411
155 404 412
156 395 436
157 393 454
158 383 417
159 350 402
160 382 421
161 382 421
162 396 425
163 419 424
164 412 432
165 412 432
166 421 409
167 383 425
168 421 409
169 421 409
170 421 409
171 421 409
172 433 439
173 433 439
174 421 409
175 441 439
176 421 409
177 419 424
178 412 434
179 427 451
180 396 425
181 401 453
182 401 453
183 404 437
184 398 410
185 396 425
186 396 425
187 396 425
188 404 437
189 404 437
190 404 437
191 404 437
192 404 437
193 398 410
194 415 425
195 415 425
196 418 395
197 398 410
198 411 425
199 427 405
200 427 405
201 427 405
202 403 434
203 409 394
204 409 394
205 409 394
206 409 394
207 413 399
208 413 399
209 413 399
210 409 394
211 407 403
212 390 422
213 435 406
214 435 406
215 435 406
216 419 414
217 423 435
218 417 432
219 420 413
220 420 427
221 390 388
222 390 388
223 383 388
224 421 445
225 383 388
226 383 388
227 404 383
228 389 384
229 394 388
230 394 388
231 394 451
232 388 386
233 378 439
234 398 425
235 406 441
236 409 431
237 398 425
238 421 406
239 421 406
240 431 448
241 421 406
242 421 443
243 394 432
244 390 411
245 390 411
246 394 428
247 390 411
248 390 411
249 412 433
250 399 398
251 399 398
252 419 440
253 426 385
254 426 385
255 426 385
256 417 413
257 426 385
258 412 452
259 449 448
260 449 448
261 443 452
262 429 427
263 419 432
264 417 436
265 431 420
266 415 384
267 415 384
268 415 384
269 415 384
270 415 384
271 415 384
272 415 384
273 418 366
274 418 366
275 420 408
276 415 384
277 415 384
278 418 396
279 415 384
280 400 423
281 430 447
282 430 447
283 430 447
284 409 450
285 406 396
286 406 396
287 386 415
288 380 431
289 365 456
290 365 456
291 368 395
292 372 416
293 374 462
294 374 462
295 368 406
296 365 406
297 401 436
298 392 449
299 392 449
300 378 392
301 383 403
302 378 414
303 399 429
304 398 405
305 398 405
306 398 405
307 389 427
308 389 427
309 382 379
310 382 379
311 390 430
312 377 390
313 377 390
314 377 390
315 361 410
316 361 417
317 384 435
318 377 429
319 410 425
320 410 425
321 410 425
322 410 425
323 410 425
324 411 443
325 411 443
326 413 407
327 424 423
328 424 423
329 424 423
330 438 425
331 438 425
332 438 425
333 438 395
334 438 395
335 437 409
336 438 395
337 448 425
338 438 395
339 438 395
340 440 448
341 440 448
342 440 448
343 440 448
344 427 464
345 415 413
346 415 413
347 415 413
348 415 413
349 412 383
350 415 413
351 394 409
352 395 411
353 399 409
354 420 417
355 420 417
356 408 418
357 408 418
358 408 418
359 408 418
360 404 427
361 404 427
362 434 450
363 434 450
364 434 450
365 434 450
366 434 450
367 434 450
368 434 450
369 414 450
370 407 462
371 438 441
372 413 426
373 427 430
374 441 451
375 414 450
376 414 450
377 414 450
378 414 450
379 414 450
380 414 450
381 425 450
382 425 450
383 413 426
384 442 421
385 442 421
386 418 432
387 413 426
388 413 426
389 409 423
390 395 437
391 394 427
392 394 427
393 402 425
394 426 451
395 430 442
396 437 452
397 402 425
398 406 416
399 398 418
400 411 446
401 424 442
402 424 442
403 424 442
404 424 442
405 424 442
406 424 442
407 424 442
408 424 442
409 440 457
410 424 442
411 428 460
412 429 457
413 435 432
414 435 432
415 424 442
416 427 436
417 424 442
418 417 417
419 417 417
420 417 417
421 417 417
422 417 417
423 417 417
424 411 444
425 417 417
426 417 417
427 422 437
428 402 458
429 398 428
430 398 428
431 398 428
432 398 428
433 398 428
434 398 428
435 400 414
436 400 414
437 398 428
438 398 428
439 398 428
440 417 427
441 417 427
442 379 406
443 377 439
444 377 439
445 377 439
446 387 454
447 387 454
448 387 454
449 381 425
450 381 425
451 400 414
452 400 414
453 400 414
454 400 414
455 400 414
456 400 414
457 412 438
458 412 438
459 400 384
460 400 384
461 400 414
462 400 414
463 400 414
464 400 414
465 376 457
466 364 434
467 400 414
468 400 414
469 400 414
470 400 414
471 396 423
472 396 423
473 400 414
474 400 414
475 408 431
476 400 414
477 400 414
478 400 414
479 396 423
480 400 414
481 396 423
482 397 394
483 397 394
484 397 394
485 422 421
486 422 421
487 422 421
488 422 421
489 422 421
490 422 421
491 414 427
492 414 427
493 426 389
494 414 427
495 414 427
496 414 427
497 414 427
498 437 445
499 437 445
500 414 427
501 416 456
502 416 456
503 416 456
504 414 427
505 414 427
506 406 447
507 406 447
508 414 437
509 395 446
510 424 436
511 424 436
512 415 417
513 438 457
514 415 460
515 415 460
516 423 450
517 415 460
518 415 460
519 415 460
520 387 451
521 414 427
522 414 427
523 392 434
524 389 445
525 389 445
526 389 445
527 395 463
528 395 448
529 416 437
530 416 437
531 416 437
532 416 437
533 439 436
534 405 452
535 416 437
536 416 437
537 416 437
538 415 442
539 415 442
540 415 442
541 415 442
542 415 442
543 415 442
544 415 442
545 415 442
546 384 452
547 415 442
548 415 442
549 415 442
550 415 442
551 415 442
552 415 442
553 443 432
554 423 412
555 445 429
556 415 442
557 415 442
558 415 442
559 424 423
560 453 418
561 453 418
562 453 418
563 453 418
564 444 437
565 446 460
566 446 460
567 446 460
568 446 460
569 415 442
570 415 442
571 415 442
572 376 437
573 376 437
574 389 452
575 418 446
576 418 446
577 418 446
578 418 446
579 418 446
580 418 446
581 437 458
582 418 446
583 418 446
584 418 446
585 431 459
586 431 459
587 432 439
588 418 446
589 431 459
590 431 459
591 431 459
592 418 446
593 418 446
594 419 440
595 431 459
596 431 459
597 423 432
598 419 440
599 419 440
600 418 446
601 423 432
602 423 432
603 410 419
604 418 446
605 418 446
606 418 446
607 418 446
608 418 446
609 418 446
610 407 445
611 407 445
612 420 458
613 426 432
614 427 439
615 427 439
616 426 432
617 418 405
618 420 433
619 418 405
620 420 433
621 420 433
622 432 455
623 418 405
624 415 417
625 411 429
626 411 429
627 432 453
628 407 435
629 407 435
630 407 435
631 413 407
632 430 421
633 430 421
634 413 407
635 426 432
636 426 432
637 410 419
638 410 419
639 410 419
640 416 439
641 418 405
642 418 405
643 436 433
644 418 405
645 418 405
646 418 405
647 418 405
648 418 405
649 428 419
650 428 419
651 431 416
652 428 419
653 428 419
654 428 419
655 401 435
656 401 435
657 405 429
658 409 421
659 409 421
660 414 459
661 410 419
662 409 421
663 409 421
664 409 462
665 409 462
666 410 452
667 410 428
668 407 448
669 407 448
670 409 421
671 409 421
672 409 421
673 401 439
674 398 408
675 414 421
676 398 408
677 398 408
678 398 408
679 398 408
680 411 421
681 410 403
682 398 408
683 377 401
684 398 408
685 409 366
686 409 366
687 397 390
688 397 390
689 409 366
690 397 390
691 411 420
692 397 390
693 397 390
694 397 390
695 409 366
696 409 366
697 428 393
698 428 393
699 421 373
700 439 389
701 409 366
702 409 366
703 395 380
704 383 394
705 409 366
706 409 366
707 409 366
708 408 393
709 409 366
710 408 393
711 408 393
712 409 366
713 409 366
714 416 393
715 416 393
716 411 359
717 413 384
718 413 384
719 409 366
720 416 393
721 413 384
722 447 383
723 434 370
724 434 370
725 434 370
726 422 379
727 422 379
728 426 394
729 426 394
730 426 394
731 426 394
732 453 401
733 453 401
734 453 401
735 459 390
736 453 401
737 453 401
738 448 422
739 458 450
740 471 429
741 471 429
742 471 429
743 464 452
744 464 452
745 471 429
746 471 429
747 453 401
748 448 422
749 448 422
750 453 401
751 436 381
752 430 384
753 439 465
754 443 450
755 448 429
756 453 400
757 461 429
758 461 429
759 461 429
760 461 429
761 461 429
762 461 429
763 461 429
764 461 429
765 461 429
766 470 424
767 461 429
768 466 421
769 448 438
770 444 409
771 447 438
772 454 392
773 444 409
774 444 409
775 444 409
776 448 412
777 448 412
778 402 408
779 411 420
780 383 395
781 391 431
782 407 380
783 401 397
784 401 397
785 400 406
786 400 406
787 395 400
788 418 413
789 418 413
790 425 430
791 418 413
792 397 396
793 397 396
794 392 429
795 397 396
796 407 380
797 397 396
798 397 396
799 397 396
800 397 396
801 397 396
802 385 416
803 396 407
804 396 407
805 387 447
806 393 413
807 387 447
808 387 447
809 387 447
810 387 447
811 385 416
812 385 416
813 385 416
814 385 416
815 385 416
816 385 416
817 385 416
818 385 416
819 385 416
820 385 416
821 385 416
822 382 441
823 391 412
824 391 412
825 385 416
826 385 416
827 385 416
828 408 429
829 385 409
830 394 456
831 401 414
832 404 443
833 404 443
834 391 422
835 393 446
836 370 424
837 370 424
838 385 416
839 391 422
840 385 454
841 389 445
842 383 443
843 383 443
844 386 423
845 374 428
846 374 428
847 403 404
848 403 404
849 403 404
850 371 417
851 384 412
852 371 417
853 361 433
854 361 433
855 359 427
856 354 438
857 386 412
858 386 412
859 386 412
860 371 417
861 371 417
862 344 421
863 348 442
864 375 442
865 375 442
866 375 442
867 371 417
868 371 417
869 371 417
870 371 417
871 347 445
872 347 445
873 353 462
874 371 417
875 365 399
876 365 399
877 380 385
878 385 449
879 380 385
880 380 385
881 380 385
882 380 385
883 382 374
884 394 401
885 395 433
886 396 397
887 417 413
888 417 413
889 425 384
890 402 415
891 425 384
892 425 384
893 425 384
894 425 384
895 425 384
896 425 384
897 425 384
898 426 373
899 425 384
900 412 394
901 412 394
902 412 394
903 412 394
904 399 401
905 399 401
906 380 439
907 386 400
908 404 438
909 391 448
910 391 448
911 411 422
912 411 422
913 417 413
914 383 407
915 407 418
916 383 407
917 412 394
918 379 381
919 402 404
920 402 404
921 402 404
922 397 453
923 397 453
924 412 394
925 412 394
926 412 394
927 412 394
928 412 394
929 400 390
930 396 440
931 393 429
932 390 400
933 398 425
934 366 418
935 374 376
936 374 376
937 383 395
938 379 404
939 386 409
940 394 426
941 364 386
942 392 436
943 386 409
944 385 431
945 385 431
946 396 399
947 396 399
948 406 383
949 406 383
950 402 426
951 402 426
952 385 431
953 380 403
954 406 383
955 380 403
956 380 403
957 402 426
958 382 424
959 361 433
960 349 385
961 367 425
962 370 430
963 370 430
964 370 430
965 370 430
966 366 436
967 350 444
968 350 444
969 350 444
970 350 444
971 344 417
972 350 444
973 350 444
974 350 444
975 358 411
976 350 444
977 350 444
978 336 458
979 356 444
980 364 403
981 364 403
982 364 403
983 364 434
984 326 441
985 360 422
986 360 422
987 360 422
988 360 422
989 360 422
990 360 422
991 357 396
992 322 444
993 326 429
994 322 444
995 326 395
996 358 411
997 359 374
998 334 403
999 357 386
e
