0 40 30
1 86 56
2 100 70
3 140 99
4 143 93
5 153 107
6 163 107
7 178 118
8 233 179
9 247 184
10 233 179
11 263 183
12 287 203
13 287 203
14 287 203
15 287 203
16 287 203
17 305 221
18 301 216
19 299 232
20 334 296
21 317 258
22 341 250
23 337 282
24 343 286
25 347 313
26 340 327
27 362 334
28 379 276
29 359 293
30 372 338
31 377 379
32 392 354
33 387 372
34 392 387
35 423 351
36 403 333
37 400 364
38 397 327
39 408 373
40 408 373
41 397 358
42 397 394
43 416 458
44 417 396
45 398 371
46 413 350
47 393 374
48 422 435
49 409 377
50 435 460
51 437 347
52 436 465
53 425 387
54 429 345
55 436 388
56 435 421
57 429 388
58 460 389
59 453 369
60 428 437
61 449 465
62 430 406
63 434 395
64 440 461
65 437 427
66 441 359
67 435 381
68 446 332
69 459 400
70 448 370
71 446 332
72 444 460
73 450 427
74 450 427
75 446 374
76 441 380
77 448 385
78 476 401
79 466 455
80 446 434
81 441 393
82 460 459
83 460 459
84 448 434
85 447 424
86 469 372
87 453 415
88 476 439
89 481 429
90 456 448
91 449 372
92 448 351
93 469 452
94 465 425
95 463 454
96 455 353
97 459 402
98 485 430
99 485 430
100 476 409
101 476 409
102 486 433
103 479 428
104 473 397
105 473 397
106 467 415
107 470 373
108 481 453
109 481 453
110 481 453
111 470 411
112 469 419
113 472 373
114 472 373
115 470 366
116 498 451
117 489 409
118 498 388
119 491 393
120 487 421
121 493 432
122 495 401
123 495 401
124 495 401
125 491 421
126 506 453
127 484 379
128 477 385
129 494 393
130 483 367
131 483 406
132 506 408
133 518 433
134 500 447
135 500 430
136 500 430
137 491 406
138 491 406
139 504 410
140 496 429
141 501 416
142 496 429
143 512 412
144 493 436
145 489 379
146 494 399
147 495 404
148 515 395
149 496 406
150 496 406
151 517 432
152 517 432
153 516 414
154 503 391
155 503 391
156 496 364
157 495 459
158 495 446
159 501 396
160 512 400
161 517 404
162 512 400
163 511 403
164 506 419
165 516 409
166 525 438
167 529 460
168 523 416
169 534 446
170 534 446
171 528 438
172 522 446
173 520 449
174 523 424
175 523 424
176 521 416
177 529 452
178 520 412
179 539 442
180 527 458
181 536 443
182 542 460
183 531 444
184 520 415
185 515 416
186 530 432
187 547 421
188 547 421
189 535 403
190 547 421
191 547 421
192 536 444
193 544 449
194 557 441
195 549 456
196 536 446
197 547 421
198 534 427
199 569 451
200 569 451
201 544 419
202 571 456
203 571 456
204 538 439
205 556 427
206 540 439
207 540 439
208 542 449
209 545 434
210 536 408
211 541 427
212 524 430
213 537 404
214 537 404
215 525 412
216 530 430
217 533 462
218 541 446
219 541 446
220 538 438
221 538 438
222 554 442
223 557 464
224 557 464
225 554 442
226 554 442
227 566 462
228 566 462
229 566 462
230 566 462
231 566 462
232 554 444
233 557 435
234 557 435
235 557 435
236 558 453
237 570 451
238 575 455
239 573 457
240 570 451
241 570 451
242 562 449
243 566 452
244 574 454
245 578 448
246 567 451
247 579 447
248 579 447
249 570 454
250 581 456
251 559 426
252 581 463
253 570 451
254 562 451
255 562 449
256 565 461
257 570 451
258 570 451
259 565 445
260 577 443
261 577 443
262 570 451
263 570 451
264 570 458
265 568 455
266 571 439
267 571 439
268 571 439
269 567 431
270 574 454
271 578 465
272 566 440
273 578 465
274 566 459
275 559 443
276 548 438
277 560 459
278 565 449
279 553 451
280 554 455
281 552 451
282 562 458
283 548 460
284 544 415
285 558 448
286 552 419
287 559 434
288 559 434
289 565 439
290 559 434
291 582 458
292 564 463
293 557 435
294 568 448
295 552 444
296 562 446
297 557 435
298 563 445
299 559 441
300 564 448
301 564 448
302 564 437
303 564 437
304 565 460
305 570 432
306 570 432
307 573 452
308 568 448
309 568 448
310 560 425
311 549 454
312 554 428
313 549 451
314 558 434
315 555 439
316 548 443
317 551 442
318 550 440
319 567 441
320 548 422
321 546 436
322 565 445
323 545 445
324 546 436
325 556 449
326 556 449
327 563 455
328 553 435
329 555 443
330 554 428
331 555 432
332 564 462
333 556 436
334 568 448
335 564 451
336 568 448
337 570 451
338 570 451
339 570 451
340 564 445
341 553 441
342 562 423
343 562 423
344 554 431
345 555 439
346 565 461
347 580 454
348 556 434
349 574 449
350 558 443
351 556 436
352 568 432
353 554 428
354 571 455
355 563 463
356 570 451
357 570 451
358 570 451
359 577 463
360 577 463
361 572 459
362 572 459
363 572 459
364 570 451
365 558 443
366 566 464
367 560 465
368 560 465
369 556 436
370 559 453
371 560 447
372 562 455
373 556 436
374 554 455
375 563 457
376 563 457
377 561 450
378 562 450
379 570 450
380 572 446
381 570 459
382 563 457
383 563 457
384 553 426
385 553 426
386 555 453
387 557 461
388 556 436
389 557 437
390 555 435
391 562 455
392 571 447
393 563 451
394 568 432
395 572 459
396 565 453
397 575 449
398 571 459
399 571 459
400 566 439
401 562 457
402 557 442
403 568 433
404 573 459
405 572 440
406 572 440
407 570 455
408 566 430
409 564 463
410 581 437
411 570 432
412 571 448
413 572 440
414 587 437
415 563 431
416 579 435
417 565 439
418 557 428
419 561 436
420 561 436
421 561 463
422 563 431
423 564 430
424 581 458
425 563 431
426 587 457
427 587 457
428 587 457
429 564 430
430 564 430
431 571 430
432 590 464
433 567 457
434 562 437
435 565 439
436 566 453
437 574 454
438 577 461
439 568 430
440 574 436
441 565 463
442 581 459
443 581 459
444 564 430
445 565 460
446 565 460
447 577 431
448 554 450
449 559 425
450 562 414
451 570 460
452 570 458
453 576 446
454 565 439
455 563 424
456 563 424
457 563 424
458 563 424
459 569 443
460 576 442
461 563 424
462 576 442
463 570 446
464 564 453
465 553 428
466 569 443
467 571 441
468 569 443
469 569 443
470 569 443
471 559 418
472 591 454
473 574 447
474 585 449
475 585 449
476 561 426
477 563 424
478 565 451
479 555 410
480 558 437
481 558 438
482 556 411
483 552 419
484 550 423
485 557 427
486 557 427
487 572 463
488 561 423
489 561 423
490 556 462
491 561 429
492 561 454
493 558 438
494 558 438
495 547 409
496 562 407
497 560 428
498 560 428
499 565 433
500 564 418
501 552 431
502 557 431
503 557 431
504 564 418
505 554 406
506 574 433
507 580 446
508 579 450
509 579 450
510 579 454
511 583 433
512 576 434
513 579 455
514 579 455
515 575 441
516 572 451
517 576 435
518 572 450
519 568 442
520 566 445
521 566 445
522 566 445
523 567 459
524 566 445
525 566 446
526 572 460
527 572 425
528 572 408
529 571 441
530 564 433
531 571 441
532 571 441
533 579 445
534 586 457
535 572 423
536 575 459
537 572 427
538 572 425
539 579 437
540 577 441
541 587 463
542 582 450
543 582 450
544 571 448
545 572 446
546 572 446
547 583 422
548 583 422
549 598 459
550 572 446
551 573 464
552 574 462
553 579 446
554 578 434
555 578 435
556 578 435
557 578 435
558 580 462
559 595 464
560 583 454
561 575 443
562 581 438
563 575 443
564 575 443
565 573 452
566 578 451
567 578 451
568 578 451
569 578 443
570 571 441
571 589 433
572 589 433
573 575 445
574 575 445
575 576 445
576 571 441
577 582 446
578 567 444
579 567 437
580 578 435
581 578 435
582 573 461
583 571 429
584 567 432
585 579 445
586 586 455
587 579 445
588 566 428
589 556 430
590 575 445
591 575 445
592 575 445
593 574 432
594 576 448
595 579 450
596 579 450
597 579 450
598 583 462
599 569 449
600 569 449
601 580 436
602 577 452
603 577 452
604 577 452
605 577 452
606 577 452
607 571 441
608 567 432
609 567 432
610 567 432
611 580 453
612 580 453
613 567 446
614 567 432
615 567 428
616 567 428
617 567 432
618 567 432
619 567 432
620 567 439
621 567 432
622 567 439
623 591 457
624 567 439
625 573 444
626 582 452
627 582 452
628 582 457
629 582 457
630 592 459
631 582 457
632 579 435
633 575 463
634 575 452
635 564 459
636 575 463
637 575 463
638 577 434
639 580 429
640 580 429
641 580 429
642 589 431
643 589 449
644 580 429
645 576 440
646 581 459
647 581 459
648 581 459
649 585 446
650 585 446
651 582 458
652 604 454
653 604 454
654 604 454
655 604 454
656 604 454
657 580 429
658 576 424
659 576 424
660 575 430
661 575 430
662 564 421
663 575 420
664 589 449
665 605 465
666 581 456
667 576 424
668 576 424
669 576 424
670 560 436
671 571 453
672 569 426
673 583 451
674 583 451
675 572 445
676 569 426
677 575 430
678 575 430
679 575 430
680 583 453
681 585 432
682 583 453
683 583 453
684 576 424
685 576 424
686 577 433
687 576 424
688 577 426
689 577 426
690 578 441
691 596 448
692 596 448
693 579 450
694 579 450
695 575 420
696 588 445
697 575 444
698 581 441
699 576 424
700 580 451
701 576 424
702 588 445
703 588 445
704 588 445
705 588 445
706 589 444
707 589 444
708 588 440
709 588 440
710 589 444
711 589 444
712 589 444
713 588 445
714 600 447
715 600 447
716 600 447
717 574 445
718 585 427
719 579 450
720 579 450
721 581 436
722 579 450
723 584 454
724 584 454
725 579 450
726 598 447
727 588 445
728 581 436
729 581 451
730 581 451
731 581 450
732 591 462
733 581 451
734 581 451
735 581 436
736 581 436
737 581 436
738 588 450
739 588 450
740 588 450
741 581 460
742 581 460
743 579 425
744 595 453
745 598 447
746 598 447
747 588 445
748 579 425
749 604 453
750 592 464
751 582 444
752 577 451
753 582 458
754 582 463
755 584 443
756 571 439
757 584 432
758 584 432
759 584 432
760 580 429
761 579 445
762 576 460
763 575 438
764 572 459
765 567 424
766 579 457
767 579 457
768 587 454
769 585 438
770 585 438
771 595 440
772 595 440
773 588 448
774 590 463
775 590 444
776 570 412
777 566 432
778 585 454
779 585 454
780 585 454
781 568 454
782 588 465
783 568 454
784 568 454
785 563 429
786 565 439
787 573 441
788 567 409
789 572 432
790 572 432
791 571 449
792 573 455
793 573 455
794 573 455
795 579 437
796 579 437
797 577 450
798 574 462
799 572 457
800 574 435
801 572 457
802 572 457
803 572 457
804 578 464
805 578 464
806 571 430
807 571 430
808 572 432
809 571 430
810 565 434
811 556 422
812 575 438
813 575 438
814 575 438
815 558 425
816 564 433
817 574 435
818 560 415
819 574 435
820 574 435
821 574 435
822 570 441
823 558 443
824 558 434
825 558 434
826 557 440
827 578 455
828 573 439
829 557 417
830 550 426
831 574 435
832 554 446
833 574 435
834 574 435
835 574 435
836 574 435
837 584 438
838 574 435
839 584 431
840 570 411
841 553 407
842 576 419
843 576 419
844 576 419
845 559 411
846 555 430
847 553 407
848 563 420
849 558 416
850 558 416
851 558 416
852 563 435
853 563 416
854 563 416
855 582 438
856 582 438
857 570 455
858 553 427
859 553 407
860 552 422
861 581 435
862 580 440
863 580 440
864 580 440
865 561 418
866 561 418
867 564 419
868 564 419
869 562 413
870 562 413
871 573 426
872 562 413
873 563 423
874 563 423
875 562 414
876 572 439
877 574 465
878 574 465
879 564 430
880 554 420
881 551 442
882 566 445
883 566 445
884 566 445
885 563 416
886 565 441
887 565 441
888 565 441
889 565 441
890 565 441
891 557 401
892 545 425
893 546 423
894 548 444
895 549 413
896 561 418
897 559 412
898 544 431
899 554 420
900 554 420
901 544 405
902 554 420
903 554 420
904 559 422
905 563 416
906 550 421
907 554 440
908 563 417
909 567 443
910 561 419
911 561 419
912 542 420
913 540 390
914 549 448
915 549 448
916 552 463
917 551 403
918 549 405
919 549 405
920 549 405
921 578 440
922 578 440
923 554 435
924 554 435
925 551 459
926 551 459
927 551 459
928 555 416
929 554 435
930 554 435
931 547 439
932 547 439
933 571 437
934 547 419
935 567 437
936 563 423
937 547 419
938 570 438
939 572 461
940 570 438
941 570 438
942 567 417
943 567 417
944 570 425
945 571 435
946 570 444
947 556 406
948 554 438
949 571 426
950 577 435
951 571 426
952 571 426
953 571 426
954 570 425
955 570 425
956 560 421
957 560 421
958 557 427
959 557 427
960 552 437
961 552 437
962 566 422
963 549 413
964 546 436
965 552 450
966 565 440
967 565 440
968 572 449
969 556 455
970 561 418
971 561 418
972 566 422
973 553 404
974 559 420
975 556 415
976 559 420
977 559 420
978 555 433
979 571 428
980 560 417
981 564 426
982 564 426
983 564 426
984 556 422
985 567 450
986 563 409
987 566 423
988 566 423
989 563 409
990 566 423
991 559 420
992 562 437
993 568 435
994 578 441
995 578 441
996 578 441
997 578 441
998 573 419
999 578 441
e
